0.6311 0.1750 0.3710
0.5751 0.2553 0.9061
0.5533 0.5992 0.1313
0.8419 0.3610 0.5709
0.7114 0.5356 0.7984
0.6044 0.3734 0.7580
0.5615 0.6018 0.8845
0.9714 0.2817 0.5440
0.4665 0.2086 0.7610
0.8968 0.8638 0.1128
0.1421 0.5117 0.0868
0.6810 0.2478 0.2993
0.3355 0.9067 0.1925
0.8660 0.2946 0.6974
0.4274 0.6247 0.3514
0.9570 0.7419 0.4971
0.8832 0.7858 0.2514
0.5325 0.2101 0.6249
0.1805 0.5434 0.3496
0.9921 0.6362 0.9728
0.7721 0.8049 0.8139
0.9321 0.8538 0.0226
0.2049 0.6562 0.3067
0.5974 0.7025 0.3896
0.7621 0.5889 0.8600
0.3810 0.5644 0.2834
0.9804 0.9615 0.9427
0.3067 0.9218 0.6393
0.3506 0.0979 0.5867
0.8018 0.0543 0.5604
0.8162 0.9558 0.2496
0.2215 0.5053 0.2321
0.0444 0.9111 0.1077
0.2598 0.2356 0.8710
0.4325 0.7630 0.0120
0.4185 0.4657 0.2030
0.4759 0.8411 0.8243
0.6181 0.4827 0.0558
0.5131 0.1828 0.4829
0.6510 0.6777 0.9336
0.7856 0.3870 0.4525
0.0934 0.8125 0.0797
0.9658 0.9743 0.7136
0.8208 0.1421 0.4170
0.0045 0.7711 0.7494
0.9433 0.4730 0.6690
0.1382 0.5766 0.9270
0.2448 0.8870 0.1555
0.6711 0.4951 0.4212
0.9110 0.2625 0.9165
0.1543 0.6959 0.9651
0.2195 0.1316 0.2757
0.7222 0.4366 0.5112
0.7563 0.8373 0.5205
0.0778 0.3298 0.1620
0.4974 0.3492 0.3111
0.2612 0.7935 0.8011
0.3606 0.2212 0.7385
0.3980 0.6886 0.9576
0.4082 0.9910 0.1475
0.7397 0.3089 0.7887
0.1278 0.8732 0.4690
0.6418 0.0346 0.0934
0.8759 0.4079 0.8447
0.3215 0.4538 0.0359
0.1103 0.7548 0.5906
0.6265 0.9314 0.4034
0.0362 0.6648 0.6547
0.7912 0.5548 0.2177
0.0218 0.1677 0.1728
0.2854 0.8231 0.5535
0.6642 0.1263 0.4389
0.8358 0.3142 0.3292
0.3197 0.0690 0.0667
0.0669 0.2724 0.3937
0.2780 0.1975 0.6086
0.9296 0.4146 0.7274
0.5100 0.7184 0.1835
0.5890 0.6488 0.0066
0.4557 0.8985 0.1267
0.1938 0.1533 0.8941
0.0892 0.1031 0.4723
0.9074 0.7255 0.6806
0.4438 0.0402 0.8318
0.1053 0.4485 0.6411
0.7001 0.0271 0.5057
0.5219 0.4222 0.0458
0.0547 0.3943 0.9886
0.1745 0.0810 0.7020
0.2344 0.3506 0.2202
0.7422 0.3354 0.8623
0.4857 0.0755 0.6159
0.2974 0.5223 0.3638
0.6961 0.0069 0.2656
0.3424 0.7326 0.9913
0.8587 0.6144 0.5335
0.1675 0.1116 0.3381
0.5485 0.9869 0.7702
0.3705 0.9462 0.4468
0.0167 0.0129 0.6733
