3.0119 4.6641
2.6647 2.6190
5.1005 3.7965
3.0061 4.2895
3.4803 3.0960
1.6732 2.2155
4.3070 3.4608
4.1768 5.0811
1.6756 1.8168
5.2423 3.5849
3.0955 2.2081
3.6117 3.8870
3.7992 2.5103
3.2402 3.1089
3.1912 3.2435
4.2065 4.9393
5.6545 3.8002
1.4925 2.9550
2.9494 3.1012
6.3272 4.4536
3.1139 2.6272
4.6115 3.5742
3.4296 2.6333
3.9369 5.4805
4.2737 2.9212
3.5959 2.5455
5.8233 4.3657
1.4543 2.2568
1.5339 2.4297
3.3948 4.1745
4.9378 3.9000
3.7810 2.2497
2.4648 2.1170
2.2828 1.5888
2.4083 2.1691
3.9213 2.4942
1.9858 1.8596
3.3306 3.5284
1.8715 4.3658
5.1447 4.6329
2.9228 4.9507
2.5658 2.3095
4.1381 3.3756
3.7231 4.7907
1.6936 2.1854
3.9034 3.1886
3.5433 2.4047
3.4580 2.2615
3.1427 5.2971
4.9922 3.6164
3.7665 2.9807
3.4941 2.5054
2.4215 4.7810
2.5259 4.6677
2.9839 2.2325
2.9838 3.4448
1.8102 1.1788
1.6173 1.5393
3.5225 2.6109
3.4830 2.4762
2.3990 2.4629
1.3081 3.7763
5.2493 4.5072
4.0081 2.8343
2.4042 1.8787
1.6311 3.0168
2.2307 4.3462
2.8445 3.4026
5.6171 3.6190
3.5188 2.7968
1.4911 3.0127
3.0810 5.4195
4.3883 4.4644
2.7141 1.6514
1.6498 3.5470
1.4237 2.3347
3.8866 3.0022
4.5994 3.1625
4.2282 4.1885
3.2220 2.5356
2.5410 1.6582
2.1986 4.3285
3.6556 2.8481
2.6171 1.5761
1.2180 2.2942
3.9020 5.6360
2.5318 2.6976
2.9970 3.5217
1.7726 1.5154
3.6167 2.5144
2.9273 2.6289
2.2300 2.9439
2.5763 2.9674
5.9314 4.8028
3.6232 3.1436
3.5463 4.3170
2.9989 3.1140
1.5752 2.0169
1.8906 3.9852
3.0665 3.4448
