1.58754434 0.95587036
0.81091416 0.46205433
0.89237038 0.78696818
1.00200135 0.16355769
0.58343057 0.92752047
1.31108134 0.30252573
0.71236941 0.53545751
1.72040699 0.64838380
0.87967232 0.88331063
1.61516997 0.22066657
1.04012766 0.97074013
0.97992920 0.42473996
1.80063297 0.70426824
1.42482031 0.76881690
1.08152339 0.79475041
0.68103835 0.18334326
0.78734542 0.89274694
1.90492627 0.51913854
1.67433541 0.24436841
1.12329177 0.08285926
1.27523383 0.84425308
1.43502640 0.00376129
1.50520431 0.71765032
1.98634208 0.59512027
1.92967295 0.07343641
1.48209254 0.47197844
1.88848960 0.66881119
1.52806934 0.58685943
0.53823388 0.19751125
1.78685310 0.77460681
1.87247348 0.36342906
1.30941845 0.98707554
1.25905747 0.25150000
0.63724589 0.29080447
1.63111728 0.35504212
1.06659869 0.48991702
1.45078975 0.14080785
1.24270251 0.04022294
0.91737572 0.05369377
1.16343835 0.72377505
0.76688841 0.57921653
1.74980544 0.65074678
1.70827642 0.74440872
1.65013299 0.09176308
1.66298028 0.32171489
0.65249728 0.34450980
0.93474314 0.90377913
0.62463864 0.62654997
1.22456003 0.86068295
1.39466545 0.33513390
1.40147608 0.56372379
0.51510745 0.52801326
0.98792372 0.03992120
1.50153434 0.45368723
0.50716199 0.91116346
0.73462483 0.06920893
1.94568663 0.39696008
0.82450745 0.87215677
1.03773543 0.31122830
0.54717583 0.69536490
1.69092432 0.02670118
0.93696037 0.49293282
1.56744811 0.43589120
1.29322609 0.10196446
0.78200402 0.13742534
1.74350973 0.60860163
1.08729005 0.83852186
0.66873374 0.67433498
1.46899327 0.85966114
1.86434969 0.28812732
1.60478566 0.96691258
1.19151462 0.20731833
1.01779009 0.54407170
1.35277247 0.75180435
1.84634422 0.55685722
1.77441104 0.73112111
0.75241627 0.50899061
1.82297246 0.82642222
1.21840955 0.38768272
0.86949876 0.68944103
1.33163400 0.23664756
1.80993495 0.99539102
0.85113640 0.12764848
1.17787271 0.17682764
1.14042821 0.94643562
0.70359732 0.26007181
1.36820326 0.63076370
0.60868569 0.11860014
0.96029896 0.21364282
0.83179419 0.27470452
1.91695971 0.41078876
1.54965322 0.37335563
1.37395440 0.44823150
1.15896539 0.93084654
0.59978708 0.15660850
1.56461615 0.01747372
1.97070221 0.80783317
1.96420965 0.81682198
0.57300991 0.61280799
1.10409098 0.40375305
