0.55844695 0.27813761
1.34577333 0.77662375
1.62859807 0.92467933
1.85400500 0.17442692
0.76898360 0.05855342
1.04295586 0.48596581
1.87278609 0.10513548
1.29652068 0.86399137
1.95795223 0.51373009
1.47314637 0.39209305
0.92682353 0.52478708
1.92105529 0.76567116
0.63579298 0.45297458
1.18013639 0.21021484
1.66413417 0.47872314
0.74740847 0.07369523
1.26056852 0.16889255
0.65649560 0.71124675
1.16068459 0.14140895
0.82629779 0.89349686
1.57029264 0.28697409
0.54254813 0.42460943
0.61961142 0.35427271
1.81722336 0.87245277
0.95834931 0.68762444
1.99868486 0.56335728
0.98996554 0.94508035
1.49771911 0.91224764
0.81393154 0.62003436
0.90470624 0.55008072
0.91896005 0.36846153
1.38059225 0.03533756
1.61845369 0.99942584
1.48992905 0.09983943
1.13040169 0.60721390
1.44999039 0.63887581
1.19115725 0.44520109
1.41823480 0.75634209
0.56468936 0.37480031
1.40189597 0.32176747
1.29496810 0.38395732
1.83226625 0.84886200
1.09583537 0.72489521
1.64502107 0.41140695
1.55570838 0.67668681
1.54064782 0.98747741
1.93182103 0.06524959
1.33283728 0.34559159
1.58123013 0.33730017
1.05584125 0.85420381
1.74452317 0.97649622
1.10483151 0.46860941
1.75448004 0.08737805
1.94205243 0.73291629
0.68795414 0.53089883
0.83174488 0.82371751
1.02400928 0.90740188
1.03012941 0.23100354
0.97074557 0.61840658
0.72839519 0.74232735
1.07971160 0.26557883
1.88328128 0.96108024
0.78280286 0.20893911
1.38741345 0.81332516
0.50164103 0.01219657
1.67607425 0.02187717
0.85378152 0.12824376
1.79630917 0.88839740
0.66534105 0.69596692
1.97832275 0.93974831
1.90369729 0.64105794
0.62075118 0.66356534
0.59427656 0.65336444
1.60936337 0.83386938
0.88952716 0.25482284
0.58232481 0.04425583
1.00031540 0.58830645
1.26531616 0.31169193
1.50958483 0.59829970
0.78735641 0.13183822
0.93943705 0.19179894
1.70442290 0.24125768
1.77589314 0.95229402
1.69477870 0.29222743
1.15518080 0.57230734
0.86764095 0.18338701
1.44445192 0.40776645
0.52245880 0.11845291
1.21715953 0.54472772
1.77192027 0.43651676
1.36788267 0.30919886
1.84074127 0.22737295
1.23280370 0.00589959
1.72472915 0.50398592
1.31429851 0.78517721
0.71466855 0.80202571
0.70103194 0.79018920
1.12237146 0.15221115
1.24823363 0.70826257
1.53440921 0.49762477
