9.602000000000000535e-01
8.385999999999999233e+00
1.388189999999999991e+01
1.996340000000000003e+01
2.987999999999999989e+00
4.438100000000000378e+00
2.134519999999999840e+01
7.044999999999999929e+00
2.395080000000000098e+01
1.044599999999999973e+01
3.391599999999999948e+00
2.247759999999999891e+01
1.605099999999999971e+00
5.577399999999999913e+00
1.484089999999999954e+01
2.913800000000000168e+00
6.898100000000000342e+00
2.787700000000000067e+00
5.821699999999999875e+00
2.459099999999999842e+00
1.261619999999999919e+01
1.168600000000000083e+00
1.112600000000000033e+00
1.850949999999999918e+01
3.645799999999999930e+00
2.571290000000000120e+01
3.856799999999999784e+00
1.096410000000000018e+01
3.048200000000000021e+00
3.246799999999999908e+00
3.316399999999999793e+00
9.756399999999999295e+00
1.367229999999999990e+01
1.100990000000000002e+01
6.224700000000000344e+00
1.052389999999999937e+01
5.864099999999999646e+00
9.704399999999999693e+00
1.016699999999999937e+00
8.838200000000000500e+00
6.992700000000000138e+00
1.902929999999999922e+01
5.262800000000000367e+00
1.428330000000000055e+01
1.230059999999999931e+01
1.195049999999999990e+01
2.374899999999999878e+01
7.543800000000000061e+00
1.285800000000000054e+01
4.363900000000000112e+00
1.650489999999999924e+01
5.032099999999999795e+00
1.770179999999999865e+01
2.355989999999999895e+01
2.647699999999999942e+00
2.628000000000000114e+00
4.084100000000000286e+00
4.165199999999999569e+00
3.764299999999999979e+00
2.538400000000000212e+00
4.477299999999999613e+00
2.041290000000000049e+01
2.214500000000000135e+00
8.852499999999999147e+00
2.284400000000000208e+00
1.540479999999999983e+01
2.920799999999999841e+00
1.788540000000000063e+01
3.007699999999999818e+00
2.367869999999999919e+01
2.337040000000000006e+01
3.270399999999999974e+00
3.192200000000000149e+00
1.348799999999999955e+01
3.056400000000000006e+00
2.947799999999999976e+00
4.080599999999999561e+00
6.446100000000000385e+00
1.141089999999999982e+01
2.594599999999999795e+00
3.487200000000000077e+00
1.560539999999999949e+01
1.728559999999999874e+01
1.532290000000000063e+01
6.534900000000000375e+00
2.925300000000000011e+00
9.854499999999999815e+00
1.751900000000000013e+00
7.315000000000000391e+00
1.747439999999999927e+01
8.164899999999999380e+00
1.925150000000000006e+01
8.296400000000000219e+00
1.656019999999999825e+01
7.812899999999999956e+00
1.967400000000000038e+00
1.992599999999999927e+00
5.271899999999999586e+00
7.839999999999999858e+00
1.184650000000000070e+01
