1.299629999999999974e+01
2.565999999999999837e+00
3.130900000000000016e+00
4.012500000000000178e+00
9.865000000000000435e-01
7.158900000000000041e+00
2.732000000000000206e+00
1.684979999999999833e+01
2.966000000000000192e+00
1.361250000000000071e+01
4.185399999999999565e+00
3.807500000000000107e+00
1.934339999999999904e+01
9.753800000000000026e+00
4.757600000000000051e+00
1.732699999999999907e+00
2.114199999999999857e+00
2.231569999999999965e+01
1.491039999999999921e+01
5.770100000000000229e+00
6.798199999999999577e+00
1.034830000000000005e+01
1.129800000000000004e+01
2.557140000000000057e+01
2.358160000000000167e+01
1.076800000000000068e+01
2.271170000000000044e+01
1.174610000000000021e+01
1.194800000000000084e+00
1.820279999999999987e+01
2.011129999999999995e+01
7.166699999999999626e+00
6.432599999999999874e+00
1.155100000000000016e+00
1.394120000000000026e+01
4.705000000000000071e+00
1.021380000000000088e+01
8.256000000000000227e+00
3.329699999999999882e+00
6.310599999999999987e+00
3.038600000000000190e+00
1.788309999999999889e+01
1.612940000000000040e+01
1.457460000000000022e+01
1.461790000000000056e+01
1.223899999999999988e+00
3.448799999999999866e+00
3.448100000000000165e+00
6.022499999999999964e+00
8.697200000000000486e+00
9.823299999999999699e+00
1.876800000000000024e+00
3.940500000000000114e+00
1.113620000000000054e+01
9.171000000000000263e-01
2.961399999999999810e+00
2.263749999999999929e+01
2.471299999999999830e+00
4.163100000000000023e+00
2.429100000000000037e+00
1.586500000000000021e+01
3.467799999999999994e+00
1.255310000000000059e+01
8.147700000000000387e+00
2.540900000000000158e+00
1.766229999999999833e+01
4.656900000000000261e+00
3.260099999999999998e+00
1.036159999999999926e+01
1.982469999999999999e+01
1.337119999999999997e+01
5.723900000000000432e+00
4.257200000000000095e+00
8.722599999999999909e+00
2.095250000000000057e+01
1.821409999999999840e+01
2.554199999999999804e+00
1.887089999999999890e+01
5.915499999999999758e+00
3.081999999999999851e+00
7.622700000000000031e+00
1.826089999999999947e+01
2.907799999999999940e+00
5.748400000000000176e+00
4.947099999999999831e+00
1.521400000000000086e+00
9.737299999999999400e+00
2.126799999999999802e+00
3.652499999999999858e+00
2.501399999999999846e+00
2.170759999999999934e+01
1.215489999999999959e+01
8.634700000000000486e+00
5.131099999999999994e+00
1.651899999999999924e+00
1.249160000000000004e+01
2.379260000000000019e+01
2.350319999999999965e+01
3.059600000000000097e+00
4.759100000000000108e+00
