0.75851928 0.32732747
0.96582417 0.84944464
1.94400706 0.43276375
1.69988614 0.74754022
0.60342115 0.51891228
1.45209601 0.23415738
1.15798468 0.81513378
1.32995731 0.54694628
0.64543887 0.25959688
1.46732147 0.09610853
1.65549390 0.16480230
0.55066581 0.03647923
1.05346577 0.96452144
1.88015085 0.53184390
0.99264335 0.64665024
1.12709570 0.56665674
1.23051641 0.10017506
1.80113387 0.89074001
1.19675347 0.82505581
1.90271444 0.61934781
1.57289551 0.27065037
0.69035323 0.71761873
1.53239431 0.70689023
1.11141675 0.91637979
1.03213754 0.39033001
1.58920784 0.30809095
1.34933662 0.00202775
0.94155711 0.48885985
1.13935419 0.98418324
1.67665765 0.35092513
1.01689901 0.38147695
1.83935911 0.07957649
1.43264741 0.86078690
0.52933873 0.63643520
1.39212319 0.40279738
1.63727115 0.29310834
1.73820707 0.79755077
1.05590000 0.50944920
1.95748443 0.55941342
0.84931013 0.52787207
1.08508460 0.83558620
1.16712477 0.08534264
1.75874675 0.49299578
1.30899385 0.46799897
0.92136091 0.22975662
1.41148936 0.75911128
0.72100147 0.01331723
1.72660918 0.93809130
0.56809190 0.45088983
1.51660846 0.17807073
0.95723385 0.77422047
1.60483267 0.12127551
0.72697707 0.99576827
0.65791971 0.26677609
1.80863806 0.36253209
0.84143508 0.73160500
1.26549526 0.31893309
1.91819428 0.37367130
1.18609272 0.92534881
0.86726742 0.04721735
1.54862706 0.15933419
0.57735467 0.28456414
1.76730946 0.62421302
1.86110438 0.44731921
0.70210189 0.47165540
1.55666437 0.97568231
1.29330395 0.72941143
0.62952547 0.41839363
0.90705744 0.20754946
1.42331830 0.21109111
1.65495929 0.11866727
0.66645081 0.69925365
0.88022354 0.33287935
0.81762668 0.87938342
0.79435447 0.68468194
0.74990245 0.06703352
0.99868025 0.94700219
1.92798020 0.34777094
1.61076136 0.02526475
1.82805716 0.65972727
1.47982596 0.85022216
1.98209250 0.18890187
1.38373311 0.58971014
0.77598366 0.19295419
1.36688651 0.80263966
1.08124301 0.78294518
1.31590593 0.42153741
0.80345862 0.90849709
1.99339422 0.13150771
0.89958658 0.95666083
1.71252675 0.60860557
1.87239351 0.24424581
1.49469413 0.05879881
0.61581417 0.14956534
1.21739206 0.76605733
0.51317409 0.57819900
1.78204356 0.88315284
1.25243724 0.66607789
0.54334114 0.59320527
1.24939488 0.67570222
