1.757487365026297432e+00
3.677902404132032288e+00
2.279193747843129003e+01
1.588401709229567338e+01
2.243863122979762981e+00
1.006900056621135597e+01
5.547403371034133279e+00
8.944820225452616569e+00
1.200900034072301947e+00
1.076542553302707006e+01
1.454791449574457296e+01
2.709511595008857299e+00
4.205913913356490674e+00
2.160463986785328316e+01
4.090664714135151314e+00
5.883129472157063944e+00
7.238224202319026190e+00
1.792904436039477645e+01
5.963842607162897380e+00
2.352571018703420336e+01
1.289495820066420606e+01
2.632408473476643085e+00
1.167808616579674208e+01
4.840328690937752754e+00
3.949481210784882457e+00
1.303877829776502928e+01
9.424782228897509384e+00
3.386386086918998117e+00
4.956853877416060428e+00
1.489055517204009149e+01
4.163955963087788703e+00
2.071039175559722167e+01
9.659152623246496816e+00
2.755846766210551468e+00
8.798541843048029776e+00
1.421432779810781533e+01
1.662912684501709393e+01
4.572932452857055630e+00
2.430517064701367502e+01
2.713030866846870559e+00
4.550009222864199288e+00
6.474713898884441932e+00
1.744233280346955439e+01
7.658973257460999662e+00
3.188695538613775859e+00
9.667469406255651876e+00
3.331103532722325511e+00
1.591082941129292649e+01
1.304426014527297895e+00
1.123246225739044135e+01
3.504457948630517627e+00
1.354907991447386451e+01
1.671515623635804415e+00
1.137948773974806871e+00
1.834593465316794081e+01
2.885025926889608794e+00
6.476449249723912338e+00
2.156763626099135323e+01
5.454592968174367229e+00
3.023653453772488842e+00
1.204358819847205631e+01
1.035411672022418461e+00
1.850650602238843234e+01
2.004026666806606727e+01
2.136724319197193189e+00
1.241614879874569333e+01
8.123730877271045259e+00
1.354815882380106640e+00
3.417445061784302851e+00
9.612518575770478080e+00
1.465884808426098296e+01
2.906840228107291590e+00
2.844643927147149753e+00
2.437620486150597010e+00
3.093873521357147105e+00
2.855002715943675717e+00
3.804801982286879714e+00
2.183399466516635457e+01
1.353563471031547039e+01
2.082382261652191957e+01
1.060917951819316229e+01
2.422719940282426521e+01
9.891895536347375284e+00
2.385155791797209268e+00
8.567489346867459332e+00
4.843640420456134521e+00
7.495611744605248816e+00
2.047350227524301847e+00
2.495212535267091525e+01
3.227681039966548759e+00
1.661477274544295923e+01
2.021459983920543735e+01
1.119182826242780671e+01
1.892783013382685953e+00
6.662908723275050349e+00
2.315587798318051505e+00
1.742482706965673955e+01
8.519362722336895288e+00
2.706509417584557653e+00
8.361389512148488024e+00
